	d0_0	d0_1	d0_2	d0_3	d0_4	d0_5	d0_6	d0_7	d0_8	d0_9	d0_10	d0_11	d0_12	d0_13	d0_14	d0_15	d0_16	d0_17	d0_18
d1_0	0	0.0988376	0.0310384	0.0136954	0.0067568	0.00334291	0.00181342	0.000934025	0.000456327	0.000263184	0.000144897	7.57463e-05	3.01544e-05	1.00413e-05	8.248e-06	1.42515e-07	0	0	0
d1_1	0.0491842	0.0196027	0.0133911	0.00896749	0.00630306	0.00405661	0.00261778	0.00165282	0.000964257	0.000518601	0.000272405	0.000167908	9.68981e-053.57232e-05	1.00606e-05	1.14566e-08	0	0	0
d1_2	0.021399	0.0134185	0.0106919	0.00852922	0.00659635	0.00491148	0.00354325	0.00248428	0.00163517	0.00114963	0.00061438	0.000371449	0.0002037577.34886e-05	3.24065e-05	1.42936e-05	1.94077e-05	4.17104e-06	0
d1_3	0.0106944	0.0089085	0.00825095	0.00721254	0.00626099	0.00521702	0.00434069	0.00332554	0.00241889	0.0015654	0.00116525	0.000765917	0.0003631990.00023168	9.79517e-05	2.35328e-05	8.63995e-06	4.12403e-06	0
d1_4	0.00545946	0.00573862	0.00633207	0.00604547	0.00623416	0.00542889	0.00460271	0.00401764	0.00318973	0.00231276	0.00171673	0.00103453	0.0006655050.000356214	0.000185223	0.00010177	3.78735e-05	8.09409e-06	4.14663e-06
d1_5	0.0028873	0.00367164	0.00442825	0.00500158	0.00541997	0.00518319	0.00486853	0.00422346	0.00361136	0.00262248	0.00225264	0.00153671	0.001053270.000623727	0.000383842	0.000224851	7.72872e-05	4.93439e-05	6.97387e-06
d1_6	0.00145188	0.00225626	0.00305371	0.00395929	0.00434598	0.00469857	0.00503801	0.00469615	0.00391324	0.00346589	0.00273004	0.00196498	0.001320610.00100738	0.000597358	0.000211138	0.000147014	5.05518e-05	2.57151e-05
d1_7	0.000779887	0.00156385	0.00227785	0.00308188	0.00382943	0.00403823	0.00443673	0.00465414	0.0041335	0.00365664	0.00321069	0.00266785	0.001991	0.00125608	0.00103184	0.000472793	0.00021285	8.17312e-05	2.1765e-05
d1_8	0.000348631	0.000791124	0.00140076	0.0021298	0.00286695	0.00360592	0.00396885	0.00435166	0.00441179	0.0040522	0.00343841	0.00294187	0.002370720.0018341	0.00137704	0.000738058	0.000414939	0.000180246	4.90272e-05
d1_9	0.000222371	0.000467578	0.000949663	0.00134219	0.00224112	0.00285395	0.00330007	0.00373279	0.00424172	0.00435929	0.00403894	0.00344871	0.002888180.00244952	0.00185402	0.00101875	0.000688844	0.00027085	0.000108381
d1_10	9.197e-05	0.000285671	0.000561963	0.000975473	0.0016	0.00214806	0.0026325	0.00322788	0.00355712	0.00392932	0.00421761	0.00391491	0.00343724	0.0030016	0.00229103	0.00158734	0.000952296	0.000458922	0.000136301
d1_11	3.80387e-05	0.000128311	0.000269559	0.00061128	0.0012237	0.00141953	0.00216649	0.0027604	0.00327605	0.00351544	0.00388066	0.00415104	0.003826	0.00340409	0.00303052	0.00224436	0.00151011	0.000895703	0.000323992
d1_12	3.58585e-05	8.12142e-05	0.000186053	0.000302915	0.000695713	0.00110792	0.00143287	0.00199441	0.00270746	0.00334606	0.00365516	0.00419703	0.004238050.00380064	0.00321284	0.00277364	0.0018893	0.00115139	0.000440232
d1_13	7.95031e-06	5.38131e-05	9.45797e-05	0.000256346	0.000418451	0.000679122	0.00105927	0.00155012	0.00214203	0.00250967	0.00329824	0.00364562	0.003999320.00408769	0.00400873	0.00333405	0.00260386	0.0017796	0.000861684
d1_14	4.468e-06	1.45899e-05	4.24168e-05	0.000126364	0.00021797	0.000393688	0.000709359	0.00101241	0.0016028	0.00210072	0.00286985	0.00340488	0.003658130.00409906	0.00445537	0.00384644	0.00350079	0.00251127	0.00127197
d1_15	2.0775e-07	4.98378e-06	6.80575e-06	2.51304e-05	0.000107153	0.000246889	0.000382605	0.000751157	0.00106633	0.00144119	0.00210504	0.00278084	0.003399470.00389367	0.00428272	0.00433045	0.00435075	0.00358597	0.00210217
d1_16	1.77928e-07	4.34288e-06	1.94116e-05	1.49692e-05	4.00868e-05	8.43017e-05	0.000195098	0.000330877	0.000605728	0.00100847	0.00134545	0.00200193	0.002660720.00344743	0.004267	0.00488553	0.00517347	0.00479612	0.00324557
d1_17	0	2.09963e-08	2.01339e-07	5.9474e-07	9.24691e-06	3.80453e-05	8.28696e-05	0.000141389	0.000227244	0.000430161	0.000770502	0.00126996	0.00196224	0.0027673	0.00397017	0.00472998	0.00580694	0.00580512	0.00521366
d1_18	0	0	2.15588e-08	2.54395e-08	1.10724e-05	1.30519e-05	2.5192e-05	7.29119e-05	0.000127232	0.000211188	0.000362148	0.000683737	0.0012319	0.001986660.00360471	0.00590205	0.00906992	0.0138426	0
